#################################### 
# Matrix Size= (2,2,50)
# Resol      = (5,10,20)
# VoxelSize  = (0.4,0.2,2.5)
# nbVal      = 1000
#################################### 
0.000186402 0.0018712 0.00163881 0.000423285 0.00143646 
0.000499977 0.000367596 0.000610559 0.000846566 0.000393569 
0.00150711 0.000620595 0.000753207 0.00137543 0.00243907 
0.000849868 0.00108213 0.000590136 0.000116868 0.00256252 
0.000356575 0.00113114 0.000403662 0.00157966 0.0004768 
0.000367417 0.00048871 0.000320314 0.00215288 0.00144204 
0.00183025 0.00234516 0.000712904 0.000945838 0.00117572 
0.000568649 0.000373809 0.00167055 0 0.00153459 
0.000614435 0.000837686 0.000626799 0.00109222 0.000325267 
0.000579194 0.000349271 0 0.000523196 0.00089437 

0.000612582 0.000321823 0.000182282 0.00155807 0.00210053 
0.000348511 0.00082388 0.000718439 0.000886554 0.00112667 
0.000983149 0.000246323 2.99271e-05 0.00138544 0.000591554 
0.00136583 0.000621878 0.000734352 0.000503946 0.00177697 
0.00132132 0.000430017 0.000648311 0.00104812 0.000422889 
0.000770969 0.000591081 0 0.00192049 0.00211434 
0.00101485 0.00272956 0.00160531 3.01431e-05 0.000449525 
3.90773e-05 0.00106508 0.00118252 0 0.00263145 
0 0.000919492 0.000694798 0.000282791 0.00019581 
0.000267274 0.000268072 0 4.34299e-05 0.00124945 

0.000209104 0.000580369 0.00115191 0.00185582 0.00279522 
0.000612099 0 0.0020168 0.00036036 0.00140641 
0.000809837 0.000307052 0.00114982 0.000646586 0.00147998 
0.00155469 0.00175513 0.00116004 0.00074088 0.00127974 
0.000158188 0.00068565 0.00156433 0.00156133 0.00111134 
0.000863853 0 0 0.000627349 0.000449377 
1.52691e-05 0.00126206 0.00183631 0.000565385 0.000633619 
0.000784742 0.000149484 0.000743239 0 0.00165048 
0.000593405 0.00110388 0.00150626 0.00105545 0.00143428 
0.000560763 0.000551488 0 0.00142087 0.00137494 

0.00152773 0.00114578 0.000110294 0.00114668 0.00229331 
0.000220398 0.000555534 0.0010993 0.0022577 0.00193545 
0.00236879 0.000539959 0.000541047 0.00108696 0.00105722 
0.00139979 0.000540199 0.00129897 0.000285052 0.00153424 
0.000454965 0.00107831 0.00109 0.000980454 0.000536736 
0.000533734 9.24624e-06 0 0.00109645 0.0021121 
0.00170271 0.00274658 0.00117344 0.000512258 0.00111023 
0.00150337 0.00161478 0.00202174 1.3621e-05 0.00171266 
0.000248004 0.00122925 0.000429601 0.00094882 0.000810541 
0.00161982 0.000616001 6.53838e-06 0.000291479 0.00105688 

0.00050933 0.000577106 0.000508432 0.00106927 0.00182542 
0.000401504 0.000901221 0.0016918 0.000181731 0.000132768 
0.000886751 4.21206e-06 0.00121089 0.00194946 0.00199842 
0.000563544 0.00189096 0.000810628 0.000846057 0.00256832 
0.00150936 0.000536173 0.000983939 0.00143242 0.000672648 
0.000515099 0.000753364 7.56996e-06 0.000796916 0.00128274 
0.00232716 0.00123126 0.00164811 0.000569202 0.000444607 
0.00109985 0.00111966 0.000212006 0.000302555 0.00150669 
0.000494861 0.000768806 0.000989171 0.000509878 0.00163127 
0.000363172 0.000504083 0 0.00104669 0.00105637 

0.000489105 0.00144232 0.000217432 0 0.00286018 
0.00145142 0.00147189 0.0027544 1.62116e-05 0.00133926 
0.00193045 0.000956896 0.000888826 0.000686226 0.00158998 
0.00109181 0.000428416 0.00070424 0 0.000925434 
0.000893269 0.000939225 0.00140088 0.00130057 0.00110429 
0.00144189 0.00087849 0.00166103 0.00109955 5.59887e-05 
0.00158783 0.000476862 0.000800379 0.000251108 0.000944183 
0.00174147 0.00049589 0.00151664 0 0.00169699 
0.00051951 0.00140398 0.00105733 0.000862624 0.000895387 
0.00103213 0.000467256 0 0.000510157 0.00202173 

7.10383e-05 0.00135018 0.000545616 1.65623e-06 0.00275693 
0.000897059 0.00159228 0.00238624 1.05129e-06 0.00110918 
0.00116614 0.000647711 0.000741392 0.00126326 0.00397228 
0.000848627 0.000509314 0.00130756 0.000864198 0.00121798 
0.00231919 0.000445961 0.00129333 0.00107253 0.000448253 
0.000509463 0.000416284 0.00124471 0.000715998 0.00067697 
0.00245347 0.001549 0.00233293 0 0.000942389 
0.0010077 0.000586912 0.000432188 0 0.00185976 
0.00203768 0.00227105 0.00092736 0.00128332 0.00199844 
0.00083934 0.000317615 0.000883974 0.000270996 0.00159 

0 0.00161994 1.11502e-05 0 0.00153711 
0.00161817 0.000260358 0.001419 0.000463145 0.00183985 
0.00163271 0.00127519 0.00319165 0.000887404 0.00185223 
0.000132804 0 0.00179118 0.000429025 0.00150094 
0.00128529 0.00190677 0.000997828 0.0018017 0.000801088 
0.00082194 0 0.00124435 0.00127408 0.00216133 
0.00367571 0.000842426 0.00114151 0 0.000149326 
0.0016382 0.000871572 0 0 0.00119204 
0.00100543 0.00119655 0.000858018 0.00115219 0.00074957 
0.000796406 0 0.000756889 0.000441805 0.00113867 

0.000374433 0.00275931 0.00212476 0.000397517 0.00374578 
0.00230776 0.000423309 0.000848846 0.000409779 0.00108042 
0.00149723 0.000728724 0.00261974 0.00167956 0.0037492 
0.000404198 0.000664182 0 0.00036399 1.52792e-05 
0.00243559 0.00157377 0.00175785 0.000804902 0.000653742 
0.000593603 0 0.00132137 0.00103979 0.00156606 
0.00198836 0.000393739 0.000780207 0 0 
0.00132291 0.00120036 0 0.000819014 0.0012102 
0.00162386 0.000425023 0.00057221 0.000812617 0.000390075 
0.000376413 0.000825553 0.000642459 0 0.00154734 

0.000734692 0.00155002 0.00195177 0.000659903 0.00323076 
0.00161841 0.00113679 0.000639067 0.000380994 0.000526926 
0.000353733 0.000984691 0.0014329 0.00217679 0.00277481 
0.000764998 0.00148902 0 0.00142416 0.0010559 
0.00362755 0 0.00371408 0.00180537 0.00153824 
0.00136493 0.00108846 0.00074227 0.00220098 0.000729419 
0.00263075 0 0.00176899 0 0.000729097 
0.00147216 0.00179782 0 0.00105674 0 
0.000541259 0.000406645 0.000668884 0.000419476 0.00148916 
0.000335287 0.00133066 0 0.00147163 0.00108703 

0.000685528 0.00273338 0.00129579 0.00190618 0.00145845 
0.00104919 0.000643793 0.00204277 0.000197726 0.00340244 
0.000993633 0.00134807 0 0.0022651 0.00167766 
0.001097 0.00171487 0.000988273 0.00236972 0.00133424 
0.00360714 0.00206449 0.00203344 0.000622347 0.00134635 
0.00102344 0 0.000650281 0.00136601 0.000943579 
0.00193991 0.000619682 0.00196941 0.00033151 0.000917034 
0.000409656 0.00190327 0 0.00133433 0 
0.0011235 0.000583412 0.000895063 0 0.00356154 
0.00121867 0.00141677 0 0.000931684 0.00132954 

0.000935475 0.0017091 0.000889089 0.0011045 0.00118113 
0.000307878 0.000621645 0.00202932 0.00321612 0.00168287 
0.00150848 0.000554935 0 0.00275217 0.000868369 
0.00281162 0.00229553 0.00365108 0.00205932 0.00231283 
0.00143202 0.00210736 0.00172154 0 0.00207769 
0.000569345 0.000303694 0.00086792 0.00136734 0.00179076 
0.000860576 0.00109862 0.00145031 0.00206764 0 
0.00196019 0.000895229 0 0.000870283 0.00102907 
0.000422656 0.00135975 0.000247372 0 0.00373248 
0.000543242 0 0.000569213 0.00176231 0.00162981 

0.000912615 0.00136319 0.00189445 0.00228457 0.00213303 
0 0.00221223 0.000781884 0.00329601 0.000984976 
0.00155235 0.0006543 0.00168039 0.000259612 0.00159805 
0.00535082 0.00145833 0.00245376 0.00200383 0.00245977 
0.000771559 0.00191512 0.00282088 0.000474172 0.00245045 
0.00105622 0.000271401 0.000674517 0.00149335 0.00077845 
0 0.00214785 0.00123385 0.00401209 0.00027851 
0.00200772 0.00148979 0.000928626 0 0.000736607 
0.000700675 0.00117547 0 0 0.00306409 
0.000995603 0.000679668 0.0016683 0 0.0012419 

0.00185548 0.00177302 0.00260969 0.00287868 0.000415648 
0.00111679 0.00147835 0.00168354 0.00313659 0.000222449 
0.00236681 0.00104995 0.00216691 0.00244133 0.00135715 
0.00380146 0.00105049 0.00265768 0.00176967 0.002161 
0.000937221 0.00218667 0.00373434 0 0.00258992 
0.00167855 0.00122986 0.00237606 0.00335917 0.00340399 
0.000857494 0.00131835 0.00224643 0.00195673 0.00147314 
0.00243263 0.0023693 0.00174828 0 0.000435019 
0.00292205 0 0 0.000885026 0.00239251 
0.00139633 0.00136824 0.00242051 0.00183383 3.02459e-05 

0.00328576 0.00129722 0.00103948 0.00670563 0 
0.0012595 0.00493062 0.00425078 0.00445388 0.000676774 
0.00131172 0.0007289 0.00206968 0.00478902 0.00437992 
0.00525655 0.00060089 0.00522253 0.00307185 0.00238588 
0.00523308 0.00207599 0.00335652 0.00623102 0.00366108 
0.00276634 0.00311282 0.00242176 0.00186738 0.0057281 
0 0.00168425 0.0053076 0.00102368 0.00400751 
0.00443422 0.00136069 0.00286009 0.00108226 0.00175075 
0.00408734 0.00146546 0.00205954 0.00184718 0.00179644 
0.00150403 0.00178845 0.00280568 0.00523697 0.000664196 

0.000342645 0 0.00148227 0.00339585 0.000290298 
0.00284876 0.00115304 0.00231311 0.00309054 0.000970305 
0.00175516 0.00169104 0.000530448 0.00254126 0.00236353 
0.00451915 0 0.0016773 0.00119869 0.000879077 
0.00276739 0.000376667 0.0021263 0.000936827 0.00398442 
0.00230701 0.00112759 0 0.0014402 0 
0 0 0.00264708 0.0021799 0.00325854 
0.00158543 0 0.000631665 0.00268878 0.000564182 
0.00136185 0.000855593 0.00127065 0.00092373 0.00189195 
0.000816393 0.00121549 0.00117028 0 0 

0 0 0 0 0 
0 0 0 0 0 
0 0 0 0 0 
0 0 0 0 0 
0 0 0 0 0 
0 0 0 0 0 
0 0 0 0 0 
0 0 0 0 0 
0 0 0 0 0 
0 0 0 0 0 

0 0 0 0 0 
0 0 0 0 0 
0 0 0 0 0 
0 0 0 0 0 
0 0 0 0 0 
0 0 0 0 0 
0 0 0 0 0 
0 0 0 0 0 
0 0 0 0 0 
0 0 0 0 0 

0 0 0 0 0 
0 0 0 0 0 
0 0 0 0 0 
0 0 0 0 0 
0 0 0 0 0 
0 0 0 0 0 
0 0 0 0 0 
0 0 0 0 0 
0 0 0 0 0 
0 0 0 0 0 

0 0 0 0 0 
0 0 0 0 0 
0 0 0 0 0 
0 0 0 0 0 
0 0 0 0 0 
0 0 0 0 0 
0 0 0 0 0 
0 0 0 0 0 
0 0 0 0 0 
0 0 0 0 0 

